"C:\Program Files\Python37\python.exe" "F:\Programy\PyCharm 2019.1.1\helpers\pydev\pydevconsole.py" --mode=client --port=51901
import sys; print('Python %s on %s' % (sys.version, sys.platform))
sys.path.extend(['E:\\Google Drive\\Politechnika\\SI\\lab2\\lab2 pycharm', 'E:/Google Drive/Politechnika/SI/lab2/lab2 pycharm'])
Python 3.7.4 (tags/v3.7.4:e09359112e, Jul  8 2019, 20:34:20) [MSC v.1916 64 bit (AMD64)]
Type 'copyright', 'credits' or 'license' for more information
IPython 7.7.0 -- An enhanced Interactive Python. Type '?' for help.
PyDev console: using IPython 7.7.0
Python 3.7.4 (tags/v3.7.4:e09359112e, Jul  8 2019, 20:34:20) [MSC v.1916 64 bit (AMD64)] on win32
runfile('E:/Google Drive/Politechnika/SI/lab2/lab2 pycharm/lab1.py', wdir='E:/Google Drive/Politechnika/SI/lab2/lab2 pycharm')
Multiplication table
MULTIPLICATION_TABLE_SIZE = 2
Parametry początkowe:
Przesłanki:  [[[1, 0, 0, 1], [2, 0, 1, 0]], [[1, 0, 0, 1], [2, 0, 1, 0]]] 
Konkluzje:  [[0.81319597 0.39872968 0.3424191 ]
 [0.30108851 0.46533137 0.52292204]
 [0.4086962  0.03339807 0.23889812]
 [0.50694619 0.81059999 0.07577897]]
E:\Google Drive\Politechnika\SI\lab2\lab2 pycharm\ANFIS.py:90: RuntimeWarning: invalid value encountered in true_divide
  Rnorm = R / Rsum
Optymalizacja zakończona!
z blędem:   2.558825877143664
Liczba ew:  78304
Liczba it:  100
TIME elapsed:  26.342509031295776
Konkluzje: [[7.50022782e-13 2.46156211e-11 6.96593645e-08]
 [2.01170304e-08 9.25723950e-09 1.99999994e+00]
 [1.20213063e-11 1.08544142e-11 7.05877085e-01]
 [1.17646472e+00 1.17647622e+00 2.00000000e+00]]
[[3 0 0]
 [0 9 0]
 [0 0 8]]
MULTIPLICATION_TABLE_SIZE = 3
Parametry początkowe:
Przesłanki:  [[[1, 0, 0, 1], [2, 0, 1, 1], [3, 0, 1, 0]], [[1, 0, 0, 1], [2, 0, 1, 1], [3, 0, 1, 0]]] 
Konkluzje:  [[0.59420264 0.46552823 0.71525871]
 [0.87802372 0.41773939 0.33402893]
 [0.71300495 0.26794006 0.29400195]
 [0.89296143 0.14827964 0.17782724]
 [0.92203479 0.90847656 0.35635215]
 [0.30410054 0.40573693 0.95792341]
 [0.2331226  0.50436842 0.76505026]
 [0.50290388 0.70341488 0.42848475]
 [0.60932253 0.04614904 0.76366822]]
Optymalizacja zakończona!
z blędem:   2.5427131756299306
Liczba ew:  420210
Liczba it:  100
TIME elapsed:  190.4206211566925
Konkluzje: [[2.15755751e-18 1.57132577e-16 4.20707776e-03]
 [2.77280405e-15 2.70416355e-16 1.16671121e-03]
 [1.07741484e-03 3.54667547e-17 4.41773900e-15]
 [1.40162679e-04 8.04164512e-04 1.99751143e+00]
 [2.24962833e-16 9.03034149e-15 1.54467800e+00]
 [1.99875097e+00 1.91269374e-02 1.99945750e+00]
 [8.66282912e-01 1.02709126e+00 2.56922960e-01]
 [6.18450091e-01 2.36763146e-01 1.99524000e+00]
 [2.00000000e+00 2.00000000e+00 2.00000000e+00]]
[[1 0 0 0 0 0 0]
 [0 3 0 0 0 0 0]
 [0 0 3 0 0 0 0]
 [0 0 0 8 0 0 0]
 [0 0 0 0 3 0 0]
 [0 0 0 0 0 0 0]
 [0 0 0 0 0 1 1]]
MULTIPLICATION_TABLE_SIZE = 4
Parametry początkowe:
Przesłanki:  [[[1, 0, 0, 1], [2, 0, 1, 1], [3, 0, 1, 1], [4, 0, 1, 0]], [[1, 0, 0, 1], [2, 0, 1, 1], [3, 0, 1, 1], [4, 0, 1, 0]]] 
Konkluzje:  [[0.05369358 0.45168611 0.04371079]
 [0.4191221  0.72175189 0.32695592]
 [0.66318363 0.63916561 0.77468595]
 [0.77139089 0.90301883 0.92656796]
 [0.97809395 0.93633234 0.37397818]
 [0.11914667 0.3711306  0.9771522 ]
 [0.48928367 0.13807193 0.11291901]
 [0.90904625 0.00918952 0.16527449]
 [0.56936064 0.15968137 0.55510888]
 [0.56811643 0.48540905 0.18498549]
 [0.92935136 0.35679226 0.46411674]
 [0.70159993 0.66987876 0.13480198]
 [0.96006309 0.21361842 0.90179207]
 [0.21258915 0.02502701 0.35505858]
 [0.19676484 0.45361651 0.27221961]
 [0.56656917 0.92677329 0.02463856]]
Optymalizacja zakończona!
z blędem:   3.073977172336771
Liczba ew:  680460
Liczba it:  100
TIME elapsed:  404.0858805179596
Konkluzje: [[4.38791748e-01 1.72805697e-03 2.13558648e-03]
 [5.32589510e-01 3.96966318e-01 1.06637963e+00]
 [7.49829561e-16 1.23047273e+00 2.00000000e+00]
 [1.53010370e+00 1.44466925e+00 2.00000000e+00]
 [3.50950558e-01 4.17753935e-02 5.22433623e-02]
 [1.67704087e+00 7.79566103e-01 2.00000000e+00]
 [3.10897329e-02 1.82922590e+00 1.49211167e+00]
 [2.00000000e+00 1.99972439e+00 1.99956604e+00]
 [1.45489809e-01 4.49608033e-03 2.81773908e-02]
 [1.50405077e-01 0.00000000e+00 5.12152353e-01]
 [1.64998369e-03 2.58369523e-02 1.98057050e+00]
 [5.16247208e-01 2.28513318e-01 2.00000000e+00]
 [8.08782069e-03 1.04176883e-03 1.81066915e+00]
 [1.66250085e+00 9.75504945e-01 1.27562620e+00]
 [5.30480611e-01 1.11627322e+00 2.00000000e+00]
 [1.75617166e+00 2.00000000e+00 2.00000000e+00]]
[[1 0 0 0 0 0 0 0]
 [0 1 0 0 0 0 0 0]
 [0 0 2 0 0 0 0 0]
 [0 0 0 2 0 0 0 0]
 [0 0 0 0 7 0 0 0]
 [0 0 0 0 0 3 0 0]
 [0 0 0 0 0 0 2 0]
 [0 0 0 0 0 0 0 2]]
MULTIPLICATION_TABLE_SIZE = 5
Parametry początkowe:
Przesłanki:  [[[1, 0, 0, 1], [2, 0, 1, 1], [3, 0, 1, 1], [4, 0, 1, 1], [5, 0, 1, 0]], [[1, 0, 0, 1], [2, 0, 1, 1], [3, 0, 1, 1], [4, 0, 1, 1], [5, 0, 1, 0]]] 
Konkluzje:  [[0.25635478 0.65813064 0.92950772]
 [0.44269362 0.00740974 0.64268767]
 [0.50228965 0.08346553 0.54359674]
 [0.2947822  0.78190033 0.91961006]
 [0.9413469  0.44773338 0.74719469]
 [0.76571506 0.50307749 0.53294258]
 [0.0218523  0.096722   0.75184908]
 [0.23938371 0.07487289 0.53164175]
 [0.22006859 0.08630588 0.23332336]
 [0.03964931 0.28464611 0.44907134]
 [0.9700113  0.35173015 0.57682045]
 [0.6087208  0.97911247 0.11845987]
 [0.27645305 0.29310193 0.64504064]
 [0.73593042 0.40354606 0.08760873]
 [0.55456852 0.23184521 0.01119379]
 [0.63294582 0.12497017 0.41923097]
 [0.10580114 0.86907588 0.83655946]
 [0.91390857 0.8328877  0.03303019]
 [0.10932875 0.24624599 0.8974549 ]
 [0.65109938 0.85107704 0.13584964]
 [0.75945007 0.43175697 0.64952543]
 [0.52918888 0.00984808 0.8514172 ]
 [0.05944149 0.73311713 0.92348784]
 [0.68226707 0.64382038 0.49191373]
 [0.55611364 0.86347923 0.68978672]]
Optymalizacja zakończona!
z blędem:   19.852820983218795
Liczba ew:  934365
Liczba it:  100
TIME elapsed:  693.0309567451477
Konkluzje: [[9.59401514e-01 2.66201900e-02 1.99999579e+00]
 [3.92331615e-02 8.06792789e-01 1.43604617e+00]
 [1.26511204e-01 1.50241268e-02 1.83359614e+00]
 [1.37142394e+00 5.36119069e-01 1.99977834e+00]
 [1.70673687e-02 1.83252315e-03 1.60231292e+00]
 [9.42890118e-01 1.71217970e-01 8.17959952e-01]
 [1.45068699e-02 7.62971561e-01 1.02387756e+00]
 [2.74152416e-15 7.46663797e-01 4.84864903e-01]
 [8.55298711e-01 1.48338957e+00 1.22216036e+00]
 [2.77652605e-01 4.88325980e-01 4.50546879e-01]
 [8.31447970e-03 4.79255926e-04 1.21249780e+00]
 [1.01795210e-02 5.13929528e-03 7.33240111e-03]
 [1.05049894e-02 1.96844702e-02 3.25911216e-01]
 [1.24504166e-05 2.67612151e-03 1.12684638e+00]
 [6.36237268e-04 7.62437951e-03 2.32072027e-03]
 [1.96040212e+00 6.75061612e-02 1.99999787e+00]
 [3.53864290e-01 1.40208325e-02 7.71830721e-01]
 [1.93725700e+00 8.16756174e-01 1.90893409e+00]
 [2.00000000e+00 1.99386314e+00 2.00000000e+00]
 [4.83736119e-03 1.10994514e-03 2.67584607e-02]
 [2.00000000e+00 2.00000000e+00 2.00000000e+00]
 [1.86784569e+00 3.79450493e-02 1.99776756e+00]
 [1.23289312e+00 8.68747029e-01 1.81122075e+00]
 [2.00000000e+00 2.00000000e+00 2.00000000e+00]
 [1.18647085e+00 3.33054238e-02 1.98368356e+00]]
[[1 0 0 0 0 0 0 0 0 0 0 0]
 [0 2 0 0 0 0 0 0 0 0 0 0]
 [0 0 2 0 0 0 0 0 0 0 0 0]
 [0 0 0 1 0 0 0 0 0 0 0 0]
 [0 0 0 0 1 0 0 0 0 0 0 0]
 [0 0 0 0 0 1 0 0 0 0 0 0]
 [0 0 0 0 0 0 4 0 0 0 0 0]
 [0 0 0 0 0 0 1 0 0 0 0 0]
 [0 0 0 0 0 0 0 0 2 0 0 0]
 [0 0 0 0 0 0 0 0 0 2 0 0]
 [0 0 0 0 0 0 0 0 0 0 1 0]
 [0 0 0 0 0 0 0 0 0 0 0 2]]
MULTIPLICATION_TABLE_SIZE = 6
Parametry początkowe:
Przesłanki:  [[[1, 0, 0, 1], [2, 0, 1, 1], [3, 0, 1, 1], [4, 0, 1, 1], [5, 0, 1, 1], [6, 0, 1, 0]], [[1, 0, 0, 1], [2, 0, 1, 1], [3, 0, 1, 1], [4, 0, 1, 1], [5, 0, 1, 1], [6, 0, 1, 0]]] 
Konkluzje:  [[0.64742972 0.98430298 0.54909489]
 [0.03269618 0.86412325 0.07665718]
 [0.79633955 0.09505449 0.71268187]
 [0.51054749 0.84843054 0.93472303]
 [0.21273739 0.50589573 0.79831592]
 [0.15659196 0.03351768 0.59178455]
 [0.79608413 0.88663801 0.44116805]
 [0.66062698 0.93831815 0.51788991]
 [0.17946584 0.32730999 0.00152599]
 [0.22024041 0.3160989  0.03439539]
 [0.86668427 0.75379802 0.24482439]
 [0.17445406 0.06798886 0.10160435]
 [0.12676238 0.50774248 0.42224909]
 [0.45946383 0.66433797 0.8435304 ]
 [0.69593009 0.76741941 0.45332538]
 [0.52955273 0.56176997 0.09360798]
 [0.73127478 0.15820435 0.94563716]
 [0.07021943 0.27863675 0.00754779]
 [0.25085437 0.03622158 0.94710094]
 [0.94094689 0.02023059 0.82594654]
 [0.43467429 0.71847402 0.77453156]
 [0.74962182 0.73442806 0.3320294 ]
 [0.77021462 0.15577164 0.99146501]
 [0.84654625 0.5091995  0.72076976]
 [0.9913035  0.82685996 0.00928567]
 [0.27591159 0.70346875 0.13545889]
 [0.14562982 0.26425939 0.94337067]
 [0.42089726 0.46757427 0.02256842]
 [0.82576994 0.18559888 0.18048906]
 [0.06713198 0.28437105 0.71242553]
 [0.61525546 0.14676213 0.25051536]
 [0.05901154 0.34018384 0.44114398]
 [0.36481497 0.70816353 0.76899569]
 [0.8144774  0.59804008 0.62764564]
 [0.91127421 0.40446052 0.16916958]
 [0.6722354  0.74691563 0.08304339]]
Optymalizacja zakończona!
z blędem:   50.02835310662928
Liczba ew:  1012388
Liczba it:  100
TIME elapsed:  933.6603412628174
Konkluzje: [[0.82112516 0.85720589 1.39432543]
 [1.11763937 1.70289062 1.80864846]
 [1.43856588 0.93520618 1.75388202]
 [0.04582988 0.06377027 0.11839928]
 [1.03044112 1.76272448 1.65576241]
 [0.19549099 1.02407072 1.40293835]
 [0.03283736 0.22642189 0.12774861]
 [0.22183863 0.86812232 0.62702641]
 [0.72140004 0.17801991 0.00867255]
 [0.28842735 0.79528065 0.24249723]
 [0.2687237  0.93327651 1.03017171]
 [0.13809413 0.34803672 0.17962033]
 [0.36493385 0.92295991 1.16324643]
 [0.33755428 1.84105693 1.58324685]
 [0.83355879 0.49780682 0.92433074]
 [0.38169737 0.25474449 0.2790424 ]
 [0.5879869  1.685696   1.58953636]
 [0.05882928 0.39145444 0.31789542]
 [0.09910263 0.16303359 0.83644874]
 [0.71141527 1.60840659 1.99733884]
 [1.9902429  1.98526667 1.99999995]
 [0.93651624 0.66795138 0.46866291]
 [1.09046283 1.86126064 1.80465158]
 [0.10045971 0.55687596 1.44587202]
 [0.33647684 0.33907346 0.29287161]
 [0.28717374 0.42935149 0.53041965]
 [0.75897384 0.07559198 0.15158085]
 [1.57537355 1.58413671 1.54838677]
 [0.38627529 0.78844176 0.97283148]
 [0.1369181  0.12636798 0.1204639 ]
 [1.39273408 1.52584674 1.62314826]
 [1.94439907 2.         1.92400258]
 [1.99999973 1.99999969 1.93857708]
 [0.76765647 0.30869472 0.31154533]
 [1.1502304  1.85835059 1.98171737]
 [0.5689093  0.37509971 1.24942721]]
[[0 1 0 0 0 0 0 0 0 0 0 0 0 0 0 0 0]
 [0 0 0 0 0 0 0 0 0 0 0 0 0 0 0 0 0]
 [0 0 2 0 0 0 0 0 0 0 0 0 0 0 0 0 0]
 [0 0 0 1 0 0 0 0 0 0 0 0 0 0 0 0 0]
 [0 0 0 0 1 1 0 0 0 0 0 0 0 0 0 0 0]
 [0 0 0 0 0 0 0 0 0 0 0 0 0 0 0 0 0]
 [0 0 0 0 0 1 0 0 0 0 0 0 0 0 0 0 0]
 [0 0 0 0 0 0 0 0 0 0 0 0 0 0 0 0 0]
 [0 0 0 0 0 0 0 2 1 2 0 0 0 0 0 0 0]
 [0 0 0 0 0 0 0 0 0 0 0 0 0 0 0 0 0]
 [0 0 0 0 0 0 0 0 0 0 0 0 0 0 0 0 0]
 [0 0 0 0 0 0 0 0 0 0 2 1 0 0 0 0 0]
 [0 0 0 0 0 0 0 0 0 0 0 0 0 0 0 0 0]
 [0 0 0 0 0 0 0 0 0 0 0 0 1 0 0 0 0]
 [0 0 0 0 0 0 0 0 0 0 0 0 0 0 0 0 0]
 [0 0 0 0 0 0 0 0 0 0 0 0 0 2 0 0 0]
 [0 0 0 0 0 0 0 0 0 0 0 0 0 0 2 0 0]]
MULTIPLICATION_TABLE_SIZE = 7
Parametry początkowe:
Przesłanki:  [[[1, 0, 0, 1], [2, 0, 1, 1], [3, 0, 1, 1], [4, 0, 1, 1], [5, 0, 1, 1], [6, 0, 1, 1], [7, 0, 1, 0]], [[1, 0, 0, 1], [2, 0, 1, 1], [3, 0, 1, 1], [4, 0, 1, 1], [5, 0, 1, 1], [6, 0, 1, 1], [7, 0, 1, 0]]] 
Konkluzje:  [[0.93436112 0.10450437 0.01591767]
 [0.97958193 0.54030882 0.16533669]
 [0.97756877 0.18674973 0.45110474]
 [0.02068345 0.65896507 0.87393153]
 [0.57040264 0.15242745 0.63173237]
 [0.76588489 0.32759817 0.70259307]
 [0.95110682 0.7716007  0.81448825]
 [0.65540648 0.92037532 0.45231986]
 [0.25952911 0.94783666 0.74752674]
 [0.23941142 0.05561148 0.42341228]
 [0.84863189 0.71489598 0.78694869]
 [0.44593949 0.56042648 0.37146468]
 [0.58516402 0.58729522 0.37855316]
 [0.26289992 0.56522663 0.84477959]
 [0.86889832 0.39693663 0.36766907]
 [0.38171075 0.09594264 0.25960098]
 [0.23226051 0.66666286 0.60244412]
 [0.30777948 0.91416536 0.2553751 ]
 [0.7121576  0.44213983 0.90296929]
 [0.44717591 0.24988188 0.01626414]
 [0.59735597 0.97958347 0.83242461]
 [0.03357951 0.78302481 0.88704512]
 [0.62318485 0.12444705 0.20828398]
 [0.91150808 0.07286446 0.49845785]
 [0.40738713 0.98486211 0.44313551]
 [0.15297197 0.00808417 0.43837234]
 [0.12546373 0.55016181 0.67552864]
 [0.64028492 0.29074699 0.95388369]
 [0.98110507 0.13169132 0.65642068]
 [0.00433243 0.72281984 0.13528637]
 [0.5486568  0.01807488 0.20825062]
 [0.85932679 0.84035732 0.70641573]
 [0.72096076 0.24897047 0.53007147]
 [0.80567842 0.38457835 0.05863515]
 [0.90247994 0.35371135 0.94782858]
 [0.17863052 0.88170576 0.63236836]
 [0.2699857  0.56168379 0.5563716 ]
 [0.95918984 0.72315622 0.27609299]
 [0.94298876 0.05956441 0.73269495]
 [0.06757664 0.50012118 0.87888001]
 [0.77812947 0.19061224 0.46945369]
 [0.67382512 0.31833476 0.61437956]
 [0.80208016 0.20473932 0.19290995]
 [0.1047819  0.15309353 0.56660896]
 [0.2580737  0.14506668 0.40084487]
 [0.81364052 0.57973933 0.21192955]
 [0.75421088 0.73393917 0.41391468]
 [0.77221657 0.70710528 0.9148721 ]
 [0.19225673 0.36973995 0.21935695]]
Optymalizacja zakończona!
z blędem:   88.61034164193198
Liczba ew:  1596023
Liczba it:  100
TIME elapsed:  1760.0803618431091
Konkluzje: [[1.99909448 1.99911456 1.99877367]
 [0.06233523 0.13071874 0.02099229]
 [0.21153409 0.6007234  0.26016027]
 [0.82922897 0.99980183 1.16869097]
 [0.18682796 0.32400174 0.3898031 ]
 [1.00457735 0.52861986 0.38108837]
 [1.11937112 0.46878379 0.75274227]
 [1.99999191 2.         2.        ]
 [1.58335311 0.06782986 1.23259243]
 [1.14392703 0.34533086 0.41943943]
 [1.80448533 1.99760436 1.94485657]
 [1.97438231 0.45508281 1.91666112]
 [1.89955158 0.76533657 1.36029321]
 [1.34609704 1.54216442 1.11515858]
 [0.56497833 1.95693592 1.20427782]
 [0.25201025 0.25955068 0.129351  ]
 [0.63533924 0.15297122 0.17424311]
 [0.74671859 0.85237814 0.54283874]
 [0.66480747 0.30364065 0.51637003]
 [1.13401688 0.40971138 0.33494304]
 [0.95640573 0.67192698 0.3002207 ]
 [1.38708761 0.0260819  1.84933909]
 [0.196653   0.41884557 0.10237668]
 [0.14337445 0.01911252 0.0060603 ]
 [0.61391957 0.54845495 0.78905114]
 [0.53098697 0.40037192 0.66601123]
 [1.72648495 0.45366184 0.09664153]
 [0.8432993  0.64906159 0.39234784]
 [1.99983709 1.99968599 1.99959888]
 [0.65320412 0.511324   0.47908365]
 [1.41517682 0.02497649 0.04297493]
 [1.50031147 1.64555793 1.88756955]
 [0.817265   0.77284666 1.3362939 ]
 [1.98780904 1.20676769 0.70191052]
 [1.50691818 1.27041354 1.32640987]
 [0.72531508 0.00534053 0.00574708]
 [0.2979597  0.15012305 0.14280523]
 [0.29880938 0.17287326 0.20064771]
 [0.63057562 0.19512709 0.26949891]
 [0.2112508  0.06677576 0.05981847]
 [0.51806501 0.24342162 0.55316324]
 [0.5372073  0.11439806 0.36338871]
 [0.86008168 0.75888568 0.96482376]
 [0.21532941 0.15528196 0.09205949]
 [0.09095479 0.39178327 0.24773243]
 [0.44777636 0.41317509 0.60706509]
 [0.35899844 0.39055831 0.20479257]
 [0.59871965 0.0803914  0.17106634]
 [0.51815492 0.20600827 0.12665848]]
[[1 0 0 0 0 0 0 0 0 0 0 0 0 0 0 0 0 0]
 [0 1 0 0 0 0 0 0 0 0 0 0 0 0 0 0 0 0]
 [0 0 1 0 0 0 0 0 0 0 0 0 0 0 0 0 0 0]
 [0 0 0 1 0 0 0 0 0 0 0 0 0 0 0 0 0 0]
 [0 0 0 0 0 1 0 0 0 0 0 0 0 0 0 0 0 0]
 [0 0 0 0 0 0 0 0 0 0 0 0 0 0 0 0 0 0]
 [0 0 0 0 0 2 1 0 0 0 0 0 0 0 0 0 0 0]
 [0 0 0 0 0 0 0 3 1 0 0 0 0 0 0 0 0 0]
 [0 0 0 0 0 0 0 0 0 0 0 0 0 0 0 0 0 0]
 [0 0 0 0 0 0 0 0 0 0 0 0 0 0 0 0 0 0]
 [0 0 0 0 0 0 0 0 0 1 1 0 0 0 0 0 0 0]
 [0 0 0 0 0 0 0 0 0 0 0 0 0 0 0 0 0 0]
 [0 0 0 0 0 0 0 0 0 0 0 0 0 0 0 0 0 0]
 [0 0 0 0 0 0 0 0 0 0 0 1 1 0 0 0 0 0]
 [0 0 0 0 0 0 0 0 0 0 1 0 0 0 0 0 0 0]
 [0 0 0 0 0 0 0 0 0 0 0 0 0 0 0 0 0 0]
 [0 0 0 0 0 0 0 0 0 0 0 0 0 1 0 0 0 0]
 [0 0 0 0 0 0 0 0 0 0 0 0 0 0 0 2 0 0]]
MULTIPLICATION_TABLE_SIZE = 8
Parametry początkowe:
Przesłanki:  [[[1, 0, 0, 1], [2, 0, 1, 1], [3, 0, 1, 1], [4, 0, 1, 1], [5, 0, 1, 1], [6, 0, 1, 1], [7, 0, 1, 1], [8, 0, 1, 0]], [[1, 0, 0, 1], [2, 0, 1, 1], [3, 0, 1, 1], [4, 0, 1, 1], [5, 0, 1, 1], [6, 0, 1, 1], [7, 0, 1, 1], [8, 0, 1, 0]]] 
Konkluzje:  [[0.85509108 0.39259076 0.49376953]
 [0.00454764 0.83610325 0.24667873]
 [0.89108238 0.57332335 0.89996472]
 [0.80908726 0.84373393 0.85522214]
 [0.76937376 0.32913219 0.63226767]
 [0.09174936 0.40311441 0.55070769]
 [0.30237029 0.88502191 0.27188177]
 [0.29030111 0.78047262 0.60295089]
 [0.63706754 0.29816125 0.86788915]
 [0.85710989 0.50426936 0.20361554]
 [0.29304744 0.6883218  0.03249866]
 [0.66665194 0.37912706 0.42779717]
 [0.52299209 0.41857097 0.97832936]
 [0.15570897 0.22751395 0.26509486]
 [0.9715979  0.25548757 0.35548755]
 [0.86579476 0.0056551  0.73681481]
 [0.83472589 0.90055058 0.52686929]
 [0.97151972 0.01380966 0.84882951]
 [0.62938838 0.24255146 0.01848614]
 [0.99585198 0.90404695 0.34030246]
 [0.70568919 0.21162024 0.11434146]
 [0.27867018 0.46661371 0.65526298]
 [0.55934448 0.83745391 0.08918629]
 [0.67585534 0.61630621 0.26960194]
 [0.78717525 0.41342296 0.68267426]
 [0.36174153 0.82162219 0.31196566]
 [0.19621137 0.23025186 0.81036959]
 [0.02572357 0.87136534 0.95086176]
 [0.64049801 0.87397568 0.92753745]
 [0.79830893 0.60970959 0.98128084]
 [0.46885824 0.97165303 0.3588023 ]
 [0.81263371 0.82749362 0.21975471]
 [0.11289201 0.34135508 0.90904252]
 [0.69433475 0.91539407 0.86451992]
 [0.02610846 0.26362315 0.91264158]
 [0.58144177 0.48537155 0.31417861]
 [0.44986913 0.52020721 0.26216028]
 [0.38721278 0.18728747 0.24843331]
 [0.41118081 0.79898382 0.39815691]
 [0.59979169 0.05488368 0.16190631]
 [0.87320026 0.91786981 0.75830925]
 [0.05985179 0.7448192  0.19331381]
 [0.90636255 0.69472264 0.00850634]
 [0.60400282 0.16987994 0.65710394]
 [0.93260535 0.86453335 0.30043439]
 [0.63556651 0.1137609  0.33157206]
 [0.61847403 0.40327508 0.39093379]
 [0.82286484 0.59494636 0.63249892]
 [0.67001672 0.47906117 0.70189292]
 [0.07206743 0.21825841 0.67790857]
 [0.81236653 0.09873084 0.79889967]
 [0.75020046 0.92030409 0.79689969]
 [0.08676179 0.30345639 0.39443041]
 [0.85595383 0.73493041 0.54659571]
 [0.60939652 0.96364152 0.81669353]
 [0.31907042 0.48959662 0.54306371]
 [0.58312361 0.29449162 0.50507028]
 [0.05452046 0.47357526 0.19980762]
 [0.656333   0.64568183 0.56144879]
 [0.27403173 0.2242234  0.88087577]
 [0.9239106  0.62171472 0.26699628]
 [0.52137986 0.00340933 0.57600477]
 [0.958477   0.58820223 0.90312037]
 [0.87419496 0.19069916 0.09520059]]
Optymalizacja zakończona!
z blędem:   179.25769258607392
Liczba ew:  1315590
Liczba it:  100
TIME elapsed:  2216.9987013339996
Konkluzje: [[3.75709344e-01 1.87500921e-01 5.13342518e-01]
 [1.54928416e+00 5.17089056e-01 1.97240483e+00]
 [6.79316772e-16 8.26059090e-02 2.96208027e-01]
 [1.97611435e+00 2.24745061e-01 1.15867053e+00]
 [6.75283238e-01 1.49053411e-01 3.49463824e-01]
 [1.90268462e+00 1.47943787e+00 1.92590402e+00]
 [7.33484294e-01 3.52316999e-01 2.35611555e-01]
 [2.16734586e-03 3.49108158e-03 7.33039155e-01]
 [4.64815896e-01 6.19874690e-01 1.80983644e-01]
 [8.30937280e-01 4.58732108e-01 1.90411006e-01]
 [1.70665266e+00 6.22028823e-01 1.03709507e+00]
 [8.57533582e-04 1.85400976e-03 3.48889472e-03]
 [5.77089925e-01 2.99289423e-01 3.13325700e-01]
 [9.63661382e-01 1.39165820e-02 1.30333412e-01]
 [2.43262134e-01 2.61979638e-01 1.66193002e-01]
 [1.14474244e-03 1.18556632e+00 1.86251970e+00]
 [7.86564140e-01 5.97311595e-01 3.10229615e-01]
 [1.61197268e-01 4.73693462e-02 2.51829004e-01]
 [1.78177524e+00 1.50708310e+00 1.42374677e+00]
 [2.37449646e-01 1.95236682e+00 1.86582137e+00]
 [4.65754187e-01 1.28312027e-01 2.09943818e-01]
 [1.04937094e+00 6.82829879e-01 4.97534172e-01]
 [1.29974793e-01 8.35372485e-02 2.66293782e-01]
 [1.93877396e-02 1.85943749e+00 1.17320700e+00]
 [1.88024980e+00 2.16831792e-01 2.43582829e-03]
 [2.60954513e-01 1.49413022e-01 9.98103321e-01]
 [1.03343177e+00 5.50680279e-01 1.04678012e+00]
 [1.99996982e+00 1.99996306e+00 1.99994744e+00]
 [1.94380037e+00 9.37853811e-01 1.67573918e-01]
 [1.63904486e+00 1.63272413e+00 1.87054520e+00]
 [2.80140694e-03 1.23110172e-01 1.20952860e-03]
 [4.59537044e-04 1.59954181e+00 1.99753673e+00]
 [5.96888476e-01 8.08234508e-01 3.91378033e-01]
 [1.50976330e+00 1.81508634e+00 1.91180188e+00]
 [1.68182830e+00 1.18861627e+00 1.58398550e+00]
 [2.00000000e+00 1.99992888e+00 1.99990975e+00]
 [1.13479814e+00 1.19575922e+00 1.77019782e-01]
 [1.82296484e+00 1.91673926e+00 1.53324638e+00]
 [1.50745400e+00 5.43587525e-01 3.99352786e-01]
 [8.75816554e-01 1.99982623e+00 1.99990370e+00]
 [1.77124696e+00 5.20596540e-01 3.95222952e-01]
 [8.30779055e-01 1.99927308e+00 1.98454493e+00]
 [1.09470389e+00 7.31985637e-01 6.62660955e-01]
 [2.00000000e+00 2.00000000e+00 2.00000000e+00]
 [1.84659222e+00 5.68576064e-01 5.23710196e-01]
 [1.99818775e+00 1.92020619e+00 1.99845563e+00]
 [9.03491205e-01 1.05635046e+00 4.98867062e-02]
 [2.00000000e+00 2.00000000e+00 1.99993941e+00]
 [1.24015541e-01 8.78102532e-01 1.26444005e+00]
 [4.94688057e-01 1.48942826e+00 1.89522177e+00]
 [1.64303619e+00 1.92424257e+00 1.41687871e+00]
 [1.26282868e+00 1.99925719e+00 1.99971193e+00]
 [7.94667224e-01 1.25716230e+00 6.05649948e-01]
 [1.99981469e+00 1.99998253e+00 1.99939663e+00]
 [1.27944551e+00 3.80716012e-01 1.39016620e+00]
 [1.98851059e+00 1.99965243e+00 1.99969897e+00]
 [1.53861996e-01 2.05861426e-01 5.10480507e-01]
 [7.21978228e-01 2.49014263e-01 2.61903361e-01]
 [2.00000000e+00 1.24833077e+00 5.78984424e-01]
 [1.77122178e+00 2.38112971e-01 9.02283158e-01]
 [8.88581554e-02 3.06143001e-02 2.51925668e-01]
 [1.68264701e+00 2.16787989e-01 1.88601416e+00]
 [2.31035309e-01 2.61878985e-01 5.47487756e-01]
 [1.78734985e-04 4.16118631e-03 1.25262151e+00]]
[[1 0 0 0 0 0 0 0 0 0 0 0 0 0 0 0 0 0 0 0 0 0]
 [0 1 0 0 0 0 0 0 0 0 0 0 0 0 0 0 0 0 0 0 0 0]
 [0 0 1 0 0 0 0 0 0 0 0 0 0 0 0 0 0 0 0 0 0 0]
 [0 0 0 1 0 0 0 0 0 0 0 0 0 0 0 0 0 0 0 0 0 0]
 [0 0 0 0 1 0 0 0 0 0 0 0 0 0 0 0 0 0 0 0 0 0]
 [0 0 0 0 0 0 0 0 0 0 0 0 0 0 0 0 0 0 0 0 0 0]
 [0 0 0 0 0 1 1 1 0 0 0 0 0 0 0 0 0 0 0 0 0 0]
 [0 0 0 0 0 0 0 1 0 0 0 0 0 0 0 0 0 0 0 0 0 0]
 [0 0 0 0 0 0 0 0 0 0 0 0 0 0 0 0 0 0 0 0 0 0]
 [0 0 0 0 0 0 0 0 0 0 0 0 0 0 0 0 0 0 0 0 0 0]
 [0 0 0 0 0 0 0 0 1 1 1 0 0 0 0 0 0 0 0 0 0 0]
 [0 0 0 0 0 0 0 0 0 0 0 0 0 0 0 0 0 0 0 0 0 0]
 [0 0 0 0 0 0 0 0 0 0 0 0 0 0 0 0 0 0 0 0 0 0]
 [0 0 0 0 0 0 0 0 0 0 0 0 0 0 0 0 0 0 0 0 0 0]
 [0 0 0 0 0 0 0 0 0 0 0 1 0 1 0 0 0 0 0 0 0 0]
 [0 0 0 0 0 0 0 0 0 0 0 0 1 0 0 0 0 0 0 0 0 0]
 [0 0 0 0 0 0 0 0 0 0 0 0 0 0 0 0 0 0 0 0 0 0]
 [0 0 0 0 0 0 0 0 0 0 0 0 0 0 0 0 0 0 0 0 0 0]
 [0 0 0 0 0 0 0 0 0 0 0 0 0 0 0 0 2 0 0 0 0 0]
 [0 0 0 0 0 0 0 0 0 0 0 0 0 0 0 0 0 0 0 0 0 0]
 [0 0 0 0 0 0 0 0 0 0 0 0 0 0 0 0 0 1 0 0 0 0]
 [0 0 0 0 0 0 0 0 0 0 0 0 0 0 0 0 0 0 0 2 0 0]]
MULTIPLICATION_TABLE_SIZE = 9
Parametry początkowe:
Przesłanki:  [[[1, 0, 0, 1], [2, 0, 1, 1], [3, 0, 1, 1], [4, 0, 1, 1], [5, 0, 1, 1], [6, 0, 1, 1], [7, 0, 1, 1], [8, 0, 1, 1], [9, 0, 1, 0]], [[1, 0, 0, 1], [2, 0, 1, 1], [3, 0, 1, 1], [4, 0, 1, 1], [5, 0, 1, 1], [6, 0, 1, 1], [7, 0, 1, 1], [8, 0, 1, 1], [9, 0, 1, 0]]] 
Konkluzje:  [[0.24092689 0.71961373 0.37385259]
 [0.41771072 0.78644942 0.22846158]
 [0.39793651 0.25619395 0.87090787]
 [0.64998612 0.41910144 0.97529497]
 [0.73244085 0.05451234 0.45177307]
 [0.01924413 0.2187042  0.95631261]
 [0.1443006  0.99406788 0.87420944]
 [0.91741692 0.36654508 0.24077758]
 [0.00376031 0.11629893 0.81539316]
 [0.0300582  0.31803812 0.07335142]
 [0.725535   0.41725284 0.6932479 ]
 [0.80929659 0.01780566 0.72366365]
 [0.95051737 0.25745163 0.8111665 ]
 [0.68468567 0.11879366 0.48354151]
 [0.81869694 0.12850374 0.62327984]
 [0.34020187 0.3065437  0.63552278]
 [0.45522286 0.04499856 0.60018845]
 [0.81871245 0.21166977 0.06868891]
 [0.60137419 0.78577074 0.84090872]
 [0.86396749 0.68557324 0.30932031]
 [0.84081317 0.46464292 0.21699766]
 [0.67267429 0.69148666 0.46819012]
 [0.28619067 0.78928428 0.03151951]
 [0.84937539 0.27134421 0.8084904 ]
 [0.58995902 0.85796605 0.73642841]
 [0.17144336 0.20399514 0.10787865]
 [0.31626676 0.92374858 0.01982029]
 [0.68759295 0.88832496 0.77012858]
 [0.87197427 0.73193904 0.35316593]
 [0.8206009  0.41746192 0.20977827]
 [0.69129909 0.37817652 0.26940711]
 [0.13273859 0.15973779 0.49206369]
 [0.90997489 0.8532583  0.93344688]
 [0.21624138 0.75133578 0.67489436]
 [0.35434036 0.49620353 0.53389482]
 [0.27063072 0.28190769 0.03030931]
 [0.06081229 0.67837907 0.78265086]
 [0.11240401 0.48682642 0.57762154]
 [0.45675237 0.24822013 0.96055841]
 [0.1703435  0.636267   0.36595779]
 [0.33155552 0.30565251 0.72239219]
 [0.25914605 0.34701883 0.12660256]
 [0.48900655 0.02334351 0.70368763]
 [0.98355577 0.94064506 0.96035425]
 [0.89193408 0.1370836  0.06880703]
 [0.88539974 0.44053968 0.61491763]
 [0.40457862 0.05679314 0.14562129]
 [0.40100493 0.54030343 0.75212484]
 [0.60248612 0.93979754 0.63554098]
 [0.92393322 0.79222569 0.76964905]
 [0.91539549 0.50383457 0.82644816]
 [0.66617555 0.01189191 0.84272579]
 [0.0761765  0.10766624 0.77987544]
 [0.11951    0.12321477 0.85150538]
 [0.03228564 0.47656445 0.23175718]
 [0.40851205 0.65312745 0.23324044]
 [0.05075117 0.62084117 0.75291397]
 [0.29605496 0.13233102 0.39995217]
 [0.97756226 0.00835152 0.97678907]
 [0.95933557 0.89963007 0.77789773]
 [0.41472848 0.77377447 0.33651695]
 [0.31308456 0.04294397 0.42859456]
 [0.17334971 0.47639194 0.29846302]
 [0.09550466 0.73321517 0.65944843]
 [0.80100329 0.68880695 0.36893687]
 [0.72355052 0.79358008 0.76037736]
 [0.22669726 0.98052397 0.72428947]
 [0.84513557 0.18325263 0.9995596 ]
 [0.26007896 0.33829009 0.70047455]
 [0.85588745 0.92278236 0.7448259 ]
 [0.55229893 0.6799959  0.81760304]
 [0.88126517 0.65377872 0.4307609 ]
 [0.11420514 0.02749463 0.47174359]
 [0.22810695 0.1565882  0.54138675]
 [0.35417781 0.57731219 0.4528264 ]
 [0.60100546 0.82076221 0.28331389]
 [0.8424341  0.22704399 0.65651066]
 [0.14974476 0.9751176  0.27278062]
 [0.10663845 0.53627373 0.21213835]
 [0.43497213 0.13109067 0.06273613]
 [0.96999714 0.37766535 0.82254876]]
Optymalizacja zakończona!
z blędem:   298.5557457198664
Liczba ew:  1945889
Liczba it:  100
TIME elapsed:  3093.75368976593
Konkluzje: [[9.53338805e-01 1.40787966e+00 1.22083746e+00]
 [7.15646695e-01 1.00290287e+00 3.54015832e-01]
 [8.47662507e-01 5.17330510e-01 1.57254733e-01]
 [7.25127617e-16 3.97631452e-01 1.09393223e+00]
 [2.18290785e-02 2.41654535e-01 4.81746484e-02]
 [9.75169601e-02 1.67000768e-01 3.07795826e-01]
 [1.39434106e+00 3.90711568e-02 2.95901013e-02]
 [1.85384179e-01 3.85943763e-01 4.29787175e-01]
 [1.84238451e+00 1.61959337e+00 6.08683674e-01]
 [1.13934998e+00 8.47778928e-01 1.46321989e+00]
 [3.96082225e-01 1.03510799e+00 5.55533382e-02]
 [9.26070704e-01 8.36354164e-02 3.65874265e-01]
 [6.70743309e-01 2.64125188e-16 3.59082615e-01]
 [2.17252138e-02 1.72601928e-01 8.82150151e-02]
 [5.50664909e-01 1.54238409e-01 1.05449647e+00]
 [7.29225176e-01 3.17902671e-02 5.59610831e-02]
 [3.71061290e-02 7.11666749e-02 1.88157651e-01]
 [1.33578451e-01 1.58692591e+00 3.07570465e-01]
 [1.90077984e+00 1.99985148e+00 1.87851066e+00]
 [1.03776990e+00 1.99995718e+00 1.68635692e+00]
 [9.18795764e-01 1.24757916e-02 1.25002508e+00]
 [1.35696978e+00 0.00000000e+00 6.24464426e-01]
 [1.43059708e-03 1.72551279e+00 6.43599467e-03]
 [2.33147239e-03 4.75027501e-01 1.93550010e-01]
 [2.00000000e+00 2.00000000e+00 2.00000000e+00]
 [2.15395786e-01 4.71839654e-01 7.06142835e-01]
 [1.99995298e+00 2.00000000e+00 2.00000000e+00]
 [2.83531326e-01 3.21934221e-01 4.90469098e-01]
 [2.12047978e-01 9.83547950e-02 7.18061046e-02]
 [8.21165901e-01 1.61004052e-01 1.52346134e+00]
 [1.24515048e+00 1.01483126e+00 3.83904856e-02]
 [4.99180222e-01 7.93853070e-02 8.02408702e-01]
 [2.32993200e-01 4.49921747e-02 4.49921747e-02]
 [1.85655504e-01 9.43571544e-01 8.66842986e-01]
 [8.06219804e-02 7.82351461e-01 1.80845122e-02]
 [5.80961945e-03 8.49061749e-02 5.89175645e-02]
 [1.97271133e+00 1.91384023e+00 1.97618403e+00]
 [3.09594014e-01 1.32900378e-03 3.08108266e-01]
 [1.49965399e-03 7.43477451e-01 3.02774813e-03]
 [2.35936684e-01 8.99067699e-01 4.89442770e-01]
 [1.25033254e+00 8.11135808e-02 6.78231867e-01]
 [2.83752054e-01 5.61861377e-01 1.23422802e-01]
 [1.99998267e+00 2.00000000e+00 2.00000000e+00]
 [6.87768942e-04 3.81356367e-01 4.25426547e-01]
 [3.23763802e-01 2.47542084e-01 4.99745128e-04]
 [0.00000000e+00 1.63884868e+00 1.19224886e+00]
 [3.07079194e-01 1.42818989e+00 1.61185283e+00]
 [1.76425698e+00 1.38836244e+00 3.24857161e-01]
 [1.69908805e+00 1.62461697e+00 1.25552773e-01]
 [2.87066925e-01 6.97684633e-01 3.10255816e-01]
 [1.28610417e+00 1.98715798e+00 1.59991916e+00]
 [1.70974537e+00 1.12939656e+00 1.37143901e+00]
 [3.59415517e-01 2.00000000e+00 8.01241959e-01]
 [0.00000000e+00 1.44917964e+00 1.03196968e+00]
 [5.62859876e-01 8.83427805e-01 3.20199193e-01]
 [5.09634972e-01 1.00772416e-01 2.11470085e-01]
 [9.00048261e-01 2.57956774e-03 2.43313081e-01]
 [2.00000000e+00 7.65859112e-01 3.54332398e-01]
 [1.62935428e-01 5.60360399e-02 9.71069821e-01]
 [7.54794668e-02 6.37973898e-01 7.02941185e-01]
 [2.39580579e-01 5.01036980e-01 7.84300318e-01]
 [2.33390739e-01 1.22783020e-02 3.32959480e-01]
 [3.58911488e-03 5.70040529e-02 4.81826834e-02]
 [8.17356166e-01 3.35053269e-01 3.61686274e-01]
 [1.30172498e+00 2.01365026e-01 1.30542552e+00]
 [8.53681888e-02 3.15006758e-01 6.17507789e-02]
 [1.01931533e-01 1.58989410e-01 1.17463732e+00]
 [7.47449425e-01 9.78765424e-02 6.34426552e-01]
 [2.90853000e-02 3.30190787e-02 9.07290776e-03]
 [1.99987710e+00 1.35990943e-01 1.14619190e+00]
 [1.72015593e-01 1.07124560e-01 3.14226771e-02]
 [2.37472239e-01 8.47056498e-01 5.13286424e-01]
 [1.78899019e+00 1.82046161e+00 1.96184791e+00]
 [7.88711194e-01 1.95667295e+00 1.92359779e+00]
 [2.17372373e-01 2.40476724e-02 2.10900446e-01]
 [0.00000000e+00 1.66780010e+00 0.00000000e+00]
 [1.70014416e+00 1.08888577e+00 6.84964115e-01]
 [1.26240905e+00 9.58050039e-01 1.63660686e-01]
 [1.99981074e+00 1.40873011e+00 1.14102190e+00]
 [4.26336713e-01 4.04393260e-01 4.31037771e-01]
 [5.64719716e-03 9.52495276e-01 1.58866399e+00]]
[[1 0 0 0 0 0 0 0 0 0 0 0 0 0 0 0 0 0 0 0 0 0 0]
 [0 1 0 0 0 0 0 0 0 0 0 0 0 0 0 0 0 0 0 0 0 0 0]
 [0 0 1 0 0 0 0 0 0 0 0 0 0 0 0 0 0 0 0 0 0 0 0]
 [0 0 0 1 0 0 0 0 0 0 0 0 0 0 0 0 0 0 0 0 0 0 0]
 [0 0 0 0 0 1 0 0 0 0 0 0 0 0 0 0 0 0 0 0 0 0 0]
 [0 0 0 0 0 0 0 0 0 0 0 0 0 0 0 0 0 0 0 0 0 0 0]
 [0 0 0 0 0 0 1 0 0 0 0 0 0 0 0 0 0 0 0 0 0 0 0]
 [0 0 0 0 0 0 0 0 1 0 0 0 0 0 0 0 0 0 0 0 0 0 0]
 [0 0 0 0 0 0 0 0 0 0 0 0 0 0 0 0 0 0 0 0 0 0 0]
 [0 0 0 0 0 0 0 0 0 0 0 0 0 0 0 0 0 0 0 0 0 0 0]
 [0 0 0 0 0 0 0 0 0 1 0 0 0 0 0 0 0 0 0 0 0 0 0]
 [0 0 0 0 0 0 0 0 0 0 0 0 0 0 0 0 0 0 0 0 0 0 0]
 [0 0 0 0 0 0 0 0 0 0 0 0 0 0 0 0 0 0 0 0 0 0 0]
 [0 0 0 0 0 0 0 0 0 0 0 2 1 0 0 0 0 0 0 0 0 0 0]
 [0 0 0 0 0 0 0 0 0 0 0 0 0 0 0 0 0 0 0 0 0 0 0]
 [0 0 0 0 0 0 0 0 0 0 0 0 0 1 0 0 0 0 0 0 0 0 0]
 [0 0 0 0 0 0 0 0 0 0 0 0 0 1 0 0 0 0 0 0 0 0 0]
 [0 0 0 0 0 0 0 0 0 0 0 0 0 0 0 0 0 0 0 0 0 0 0]
 [0 0 0 0 0 0 0 0 0 0 0 0 0 0 1 0 0 0 0 0 0 0 0]
 [0 0 0 0 0 0 0 0 0 0 0 0 0 0 1 0 0 0 0 0 0 0 0]
 [0 0 0 0 0 0 0 0 0 0 0 0 0 0 0 2 0 0 0 0 0 0 0]
 [0 0 0 0 0 0 0 0 0 0 0 0 0 0 0 0 1 0 0 0 0 0 0]
 [0 0 0 0 0 0 0 0 0 0 0 0 0 0 0 0 0 2 0 0 0 0 0]]
MULTIPLICATION_TABLE_SIZE = 10
Parametry początkowe:
Przesłanki:  [[[1, 0, 0, 1], [2, 0, 1, 1], [3, 0, 1, 1], [4, 0, 1, 1], [5, 0, 1, 1], [6, 0, 1, 1], [7, 0, 1, 1], [8, 0, 1, 1], [9, 0, 1, 1], [10, 0, 1, 0]], [[1, 0, 0, 1], [2, 0, 1, 1], [3, 0, 1, 1], [4, 0, 1, 1], [5, 0, 1, 1], [6, 0, 1, 1], [7, 0, 1, 1], [8, 0, 1, 1], [9, 0, 1, 1], [10, 0, 1, 0]]] 
Konkluzje:  [[0.08662663 0.55434319 0.7017063 ]
 [0.21709522 0.10533432 0.71781635]
 [0.78618917 0.29892792 0.54523072]
 [0.17867119 0.58929081 0.94895143]
 [0.83647541 0.54189894 0.92358031]
 [0.95744132 0.04236236 0.15481479]
 [0.42371388 0.23371014 0.49122635]
 [0.25886914 0.21296673 0.15605994]
 [0.0508897  0.81044269 0.74430488]
 [0.58590233 0.72647366 0.24200814]
 [0.11109493 0.84265736 0.61049693]
 [0.00303236 0.13899129 0.82176582]
 [0.56307663 0.3553204  0.06254958]
 [0.95893899 0.06664758 0.82554995]
 [0.24078271 0.0792502  0.75832238]
 [0.847969   0.37513977 0.04764808]
 [0.49086108 0.2304266  0.10874673]
 [0.69378344 0.46836178 0.82213849]
 [0.55875525 0.27257335 0.58310619]
 [0.09685953 0.93744443 0.72885006]
 [0.44294566 0.20022777 0.05043905]
 [0.39190929 0.0091288  0.5436184 ]
 [0.03520789 0.6205316  0.92203795]
 [0.64291233 0.14436278 0.16397859]
 [0.47699417 0.87698909 0.27257499]
 [0.86914892 0.76821685 0.08415905]
 [0.68881399 0.31907648 0.4705347 ]
 [0.80003842 0.42354799 0.3626743 ]
 [0.14928286 0.99138398 0.93763413]
 [0.81787699 0.59551541 0.81753539]
 [0.95867484 0.22203473 0.15769033]
 [0.77255963 0.06120033 0.63845037]
 [0.09410815 0.33525131 0.08456245]
 [0.52930423 0.98535272 0.82452448]
 [0.21093709 0.40972171 0.96801621]
 [0.72720256 0.15620162 0.10084946]
 [0.88990195 0.17416497 0.81327017]
 [0.00409007 0.72922614 0.02008151]
 [0.27492671 0.49104985 0.44514773]
 [0.67077692 0.26251116 0.20496503]
 [0.59897785 0.85448659 0.89927375]
 [0.22231894 0.96072405 0.47347749]
 [0.49373208 0.46650885 0.98128195]
 [0.87021362 0.99035563 0.65549698]
 [0.11070706 0.91210136 0.76076286]
 [0.05593269 0.50016861 0.89290694]
 [0.44535939 0.1579921  0.06431452]
 [0.74642417 0.39602653 0.83193926]
 [0.82319176 0.20252308 0.88427833]
 [0.88839079 0.58905916 0.19992115]
 [0.9839853  0.6009131  0.05272747]
 [0.49282496 0.50914548 0.23185381]
 [0.88359301 0.3978081  0.09684719]
 [0.91568218 0.46175788 0.03012927]
 [0.95332235 0.96319327 0.69171973]
 [0.51198679 0.33833138 0.9368535 ]
 [0.42095476 0.79075386 0.69535752]
 [0.25371188 0.83015453 0.49655169]
 [0.87789278 0.46761955 0.06272513]
 [0.39976298 0.55504467 0.81285799]
 [0.28277841 0.02992706 0.28507528]
 [0.95994077 0.56005998 0.61015408]
 [0.35441669 0.27536378 0.64177943]
 [0.30742881 0.84111951 0.96155189]
 [0.54866458 0.07216673 0.38349934]
 [0.13047099 0.64922405 0.46781561]
 [0.06756144 0.98537624 0.0870143 ]
 [0.49017346 0.02911127 0.37278462]
 [0.22970865 0.0984673  0.32518876]
 [0.89884209 0.82382844 0.38664416]
 [0.34866118 0.37441245 0.6581913 ]
 [0.50454664 0.53944583 0.16936596]
 [0.40711849 0.32649721 0.04399696]
 [0.08753684 0.03478277 0.6869741 ]
 [0.10035911 0.02533895 0.38173338]
 [0.04675817 0.56215408 0.18110958]
 [0.74437141 0.44515006 0.51286093]
 [0.96343955 0.09467822 0.08708562]
 [0.70958527 0.07209903 0.89997406]
 [0.92689632 0.58352632 0.07961563]
 [0.42663194 0.78829652 0.10708191]
 [0.17447101 0.89471406 0.02879015]
 [0.54315533 0.44786053 0.03880569]
 [0.30068306 0.17133382 0.73337852]
 [0.93592096 0.35479291 0.05017194]
 [0.0822514  0.35924426 0.54938887]
 [0.20694317 0.4650957  0.94924039]
 [0.55800823 0.21725946 0.37836427]
 [0.42049088 0.75680607 0.5049268 ]
 [0.60691077 0.24357908 0.69571369]
 [0.05794376 0.69324442 0.41802381]
 [0.19661679 0.71710322 0.75365286]
 [0.60725951 0.35372716 0.19920459]
 [0.1100319  0.5744387  0.21404643]
 [0.83868363 0.31355254 0.22022649]
 [0.23289962 0.42146438 0.39823212]
 [0.15156406 0.44574907 0.68691046]
 [0.63142912 0.52256635 0.89806671]
 [0.30863993 0.86536284 0.86823478]
 [0.49436986 0.15902551 0.60583136]]
runfile('E:/Google Drive/Politechnika/SI/lab2/lab2 pycharm/lab1.py', wdir='E:/Google Drive/Politechnika/SI/lab2/lab2 pycharm')
Multiplication table
MULTIPLICATION_TABLE_SIZE = 10
Parametry początkowe:
Przesłanki:  [[[1, 0, 0, 1], [2, 0, 1, 1], [3, 0, 1, 1], [4, 0, 1, 1], [5, 0, 1, 1], [6, 0, 1, 1], [7, 0, 1, 1], [8, 0, 1, 1], [9, 0, 1, 1], [10, 0, 1, 0]], [[1, 0, 0, 1], [2, 0, 1, 1], [3, 0, 1, 1], [4, 0, 1, 1], [5, 0, 1, 1], [6, 0, 1, 1], [7, 0, 1, 1], [8, 0, 1, 1], [9, 0, 1, 1], [10, 0, 1, 0]]] 
Konkluzje:  [[0.18454812 0.4156598  0.24422242]
 [0.91640372 0.90316743 0.80452394]
 [0.13132013 0.18754601 0.91369848]
 [0.02361599 0.13974071 0.37856053]
 [0.36062883 0.74020645 0.2941818 ]
 [0.45764353 0.37371223 0.81793268]
 [0.24933304 0.32902858 0.74376735]
 [0.21404664 0.2696953  0.72178097]
 [0.79356408 0.90026794 0.6554235 ]
 [0.40814233 0.45243004 0.84897559]
 [0.06797814 0.38538857 0.8148833 ]
 [0.55814685 0.24827646 0.53847378]
 [0.76814615 0.69977797 0.42677766]
 [0.29218181 0.16123675 0.65237795]
 [0.05794077 0.61330552 0.29477794]
 [0.20400982 0.53836994 0.31293671]
 [0.63948889 0.82679508 0.97183581]
 [0.7301474  0.40597637 0.7796344 ]
 [0.47205896 0.69414579 0.60474205]
 [0.09854184 0.79268714 0.66336518]
 [0.7308287  0.99855109 0.19920088]
 [0.04007747 0.93218448 0.65272134]
 [0.15923639 0.58150195 0.78749193]
 [0.35312908 0.78410921 0.46797833]
 [0.12211183 0.25788423 0.10060454]
 [0.81984342 0.52909633 0.33356819]
 [0.65682644 0.29184178 0.44528208]
 [0.95736286 0.78386186 0.84012348]
 [0.05458274 0.60308842 0.39407569]
 [0.78919405 0.86301486 0.11405483]
 [0.69726636 0.36823427 0.98020984]
 [0.69604352 0.25806861 0.01565404]
 [0.08861914 0.66828336 0.6008185 ]
 [0.62282119 0.61873963 0.88396974]
 [0.39817422 0.36868873 0.22995652]
 [0.04305728 0.76726684 0.35019947]
 [0.35645523 0.31929021 0.09770803]
 [0.71131918 0.92575934 0.46292199]
 [0.19691164 0.83048289 0.22997599]
 [0.15142002 0.96843166 0.58074568]
 [0.3201397  0.54535356 0.31694963]
 [0.85330216 0.08241345 0.49800223]
 [0.77752211 0.7720594  0.72325597]
 [0.70054341 0.50208919 0.52457953]
 [0.34892834 0.08677922 0.33034469]
 [0.5117035  0.27487729 0.75946821]
 [0.61416384 0.87612796 0.48656772]
 [0.47526855 0.1225365  0.0173664 ]
 [0.30099245 0.26731949 0.89488454]
 [0.44290525 0.08555065 0.32511547]
 [0.88728397 0.62966502 0.42714488]
 [0.83714602 0.57507549 0.2885355 ]
 [0.72288929 0.19571858 0.91276048]
 [0.41539095 0.52067667 0.13353132]
 [0.36060562 0.3634627  0.28514763]
 [0.09311521 0.74144864 0.23463105]
 [0.61757361 0.3852184  0.95682512]
 [0.48849534 0.2428472  0.06749343]
 [0.53523504 0.13705594 0.24909471]
 [0.55441206 0.6904779  0.08440781]
 [0.4633212  0.01940925 0.6863264 ]
 [0.83063153 0.08533563 0.86452079]
 [0.07082687 0.16134111 0.30487013]
 [0.89687732 0.38879898 0.38403264]
 [0.15035434 0.18998941 0.449401  ]
 [0.14501497 0.51058877 0.28647982]
 [0.08500502 0.47020159 0.73667269]
 [0.22546016 0.12511883 0.64704642]
 [0.46109241 0.39468536 0.29171269]
 [0.62906876 0.64327791 0.5664709 ]
 [0.72613804 0.0932922  0.51571024]
 [0.28150732 0.83073145 0.30632608]
 [0.1158748  0.27640542 0.42622109]
 [0.42998853 0.04439596 0.37964914]
 [0.62404422 0.38526355 0.1326993 ]
 [0.25761772 0.31119608 0.18407733]
 [0.54479034 0.6284776  0.86779129]
 [0.10761226 0.83920087 0.99698117]
 [0.17877403 0.62631768 0.34734329]
 [0.473089   0.75274616 0.05339074]
 [0.89556941 0.1953078  0.17419435]
 [0.75101462 0.8531818  0.12524976]
 [0.78142914 0.79551707 0.28716233]
 [0.74196246 0.85211586 0.77295271]
 [0.54111464 0.9262491  0.42648841]
 [0.65112388 0.99212845 0.79847304]
 [0.76558203 0.41920593 0.75100645]
 [0.62357433 0.10759145 0.67362227]
 [0.83424892 0.04388578 0.62554513]
 [0.79858093 0.25801806 0.5197808 ]
 [0.7039417  0.58147148 0.35627474]
 [0.31915406 0.05284072 0.79749567]
 [0.75563245 0.25231557 0.83525865]
 [0.74732293 0.13692171 0.08053339]
 [0.00475843 0.1546538  0.701609  ]
 [0.412453   0.15768608 0.65953566]
 [0.94129036 0.7942267  0.04463089]
 [0.39355389 0.54447534 0.87319943]
 [0.80537992 0.13653738 0.30620323]
 [0.65322902 0.94366282 0.89392934]]
E:\Google Drive\Politechnika\SI\lab2\lab2 pycharm\ANFIS.py:90: RuntimeWarning: invalid value encountered in true_divide
  Rnorm = R / Rsum
Optymalizacja zakończona!
z blędem:   491.0796063287803
Liczba ew:  1457763
Liczba it:  100
TIME elapsed:  2673.6950719356537
Konkluzje: [[1.05809355e+00 1.98059702e+00 8.91528229e-01]
 [1.36883709e+00 2.00000000e+00 1.96922396e+00]
 [2.00000000e+00 5.86192867e-02 1.42335009e+00]
 [8.71068556e-03 1.43998692e+00 1.17420285e-03]
 [7.08142075e-16 2.00000000e+00 7.16437758e-01]
 [1.73478570e+00 1.70677889e+00 2.00000000e+00]
 [2.00000000e+00 2.00000000e+00 2.00000000e+00]
 [1.84408569e+00 1.76660546e+00 1.90066033e+00]
 [2.00000000e+00 2.00000000e+00 2.00000000e+00]
 [7.52443702e-01 0.00000000e+00 2.25539897e-02]
 [2.22251396e-01 7.67997980e-02 3.24133287e-01]
 [7.91932543e-01 6.25811255e-01 7.25964422e-01]
 [7.08086566e-01 3.51293774e-01 2.24003070e-01]
 [7.85827169e-01 4.24772500e-01 6.26854495e-01]
 [1.59748222e+00 7.81364695e-01 2.00000000e+00]
 [1.74824081e+00 1.58479212e+00 1.01921575e+00]
 [9.76330088e-01 1.73513743e+00 1.26206668e+00]
 [2.00000000e+00 1.88510673e+00 1.72323535e+00]
 [9.60506106e-01 6.59226282e-01 4.56936822e-01]
 [1.10467786e+00 7.39408590e-01 1.46671720e+00]
 [1.41755365e+00 7.90347035e-01 4.33271450e-02]
 [5.99412821e-01 1.62713875e-01 5.31922628e-01]
 [5.25004964e-01 3.69426387e-01 3.39577173e-01]
 [2.39387368e-01 4.21818105e-01 1.07456532e-01]
 [1.41599664e+00 1.94984359e+00 2.11440583e-01]
 [1.90547666e+00 1.09282186e+00 5.43538009e-01]
 [4.58325896e-01 1.35947440e-01 1.30766737e-01]
 [2.00000000e+00 1.02608266e+00 6.13728214e-01]
 [6.03338049e-01 7.18276304e-01 4.29127815e-01]
 [4.68318802e-01 8.67810202e-01 0.00000000e+00]
 [8.61481975e-01 8.11660721e-01 1.04939683e+00]
 [5.58707766e-01 9.16856588e-01 1.30408258e+00]
 [1.21287005e+00 7.74914457e-01 5.17160497e-01]
 [7.75628218e-02 1.72254788e-01 1.00179902e-01]
 [4.05027559e-01 0.00000000e+00 3.17151495e-01]
 [5.33948432e-01 5.02538105e-01 1.66616598e-01]
 [1.99999492e+00 1.20804536e+00 1.60154863e+00]
 [0.00000000e+00 0.00000000e+00 0.00000000e+00]
 [3.12427709e-03 3.71037762e-01 2.16255891e-01]
 [3.88122719e-01 8.16446820e-01 0.00000000e+00]
 [1.64218351e+00 1.79181261e+00 5.09260444e-01]
 [1.03542309e-10 9.68297276e-10 7.47275224e-11]
 [2.39583147e-02 4.53667150e-01 1.94831501e-03]
 [2.68162745e-01 1.26182317e+00 9.23919473e-02]
 [1.56763852e+00 1.30612382e+00 2.01372230e-01]
 [2.00000000e+00 7.66922915e-01 1.39748690e+00]
 [2.00000000e+00 2.00000000e+00 2.00000000e+00]
 [1.96964288e+00 1.66313261e+00 3.24071375e-01]
 [2.00000000e+00 2.00000000e+00 1.95328550e+00]
 [3.55737687e-01 1.43103223e+00 5.29461225e-02]
 [1.41124913e+00 8.45849907e-01 1.24041806e+00]
 [2.72202141e-01 1.00042118e-01 1.17452826e-01]
 [4.86517588e-01 2.95140971e-01 4.14207993e-01]
 [1.31942749e+00 1.66581701e+00 2.93458132e-01]
 [1.89763516e+00 2.00000000e+00 1.70782245e+00]
 [1.68834832e+00 1.86968433e+00 2.15043647e-01]
 [2.14340659e-01 1.27072640e+00 9.79685958e-01]
 [2.00000000e+00 2.00000000e+00 1.79797955e+00]
 [8.26319584e-01 4.72239021e-01 8.12504016e-01]
 [0.00000000e+00 0.00000000e+00 4.91081895e-01]
 [1.28031534e+00 7.23170213e-01 1.63069820e+00]
 [1.21456609e+00 1.66625332e+00 1.70568038e+00]
 [8.74708203e-01 9.26081047e-01 9.21590947e-01]
 [3.86152478e-01 1.20578746e+00 4.36513206e-01]
 [4.60978526e-01 1.17166501e+00 8.72186511e-01]
 [8.76534472e-02 1.82099272e+00 8.16900394e-01]
 [1.85541293e+00 1.92173815e+00 1.64000334e+00]
 [9.20848127e-01 1.84535407e+00 8.85059117e-01]
 [1.82888647e+00 1.58618889e+00 1.15295626e+00]
 [1.02385482e+00 6.56391364e-01 1.89697675e-01]
 [1.71161969e+00 7.39645027e-01 1.56972778e+00]
 [5.43742914e-01 2.83194582e-01 2.20752139e-01]
 [4.62744817e-01 1.87622488e-01 2.44583675e-01]
 [2.25215749e-01 4.00389303e-01 2.21633866e-01]
 [4.23316362e-01 0.00000000e+00 7.39549217e-01]
 [3.17139307e-01 1.13155981e+00 7.70202995e-01]
 [1.22843439e+00 3.59526725e-02 2.28301873e-02]
 [0.00000000e+00 1.16383097e+00 9.05879244e-01]
 [3.23423032e-01 3.37461685e-02 1.02186789e-01]
 [7.67402112e-01 2.98159180e-01 1.80448428e-02]
 [5.96846063e-01 1.54518912e+00 7.13185188e-01]
 [1.25980514e+00 1.24431431e+00 1.02103723e+00]
 [1.27064976e+00 9.48624214e-01 4.05096894e-01]
 [6.37355905e-01 2.75764021e-01 1.16610200e-01]
 [2.00000000e+00 2.00000000e+00 2.00000000e+00]
 [2.00000000e+00 1.78798153e+00 1.32400767e+00]
 [1.99975198e+00 1.31174197e+00 1.34481448e+00]
 [1.82534597e+00 2.00000000e+00 2.00000000e+00]
 [2.72790859e-01 1.12392118e+00 1.28566742e+00]
 [0.00000000e+00 0.00000000e+00 4.70074911e-01]
 [1.90344927e+00 1.19566320e+00 1.60213049e+00]
 [1.60063472e+00 1.03196080e+00 1.88570601e+00]
 [1.89151878e+00 8.21653849e-01 1.77926092e+00]
 [5.66203236e-01 1.40351235e-01 3.21627252e-02]
 [1.14842742e+00 1.25036479e+00 5.47494282e-01]
 [1.87281372e+00 1.85877004e+00 1.53504081e+00]
 [1.99974327e+00 1.62877439e+00 1.79562991e+00]
 [1.96755589e+00 1.79466850e+00 1.37998303e+00]
 [1.35362086e+00 1.58447973e+00 7.41894625e-01]
 [4.81830035e-01 1.52836981e+00 6.76588266e-01]]
[[1 0 0 0 0 0 0 0 0 0 0 0 0 0 0 0 0 0 0 0 0 0 0 0 0]
 [0 0 1 0 0 0 0 0 0 0 0 0 0 0 0 0 0 0 0 0 0 0 0 0 0]
 [0 0 0 0 0 0 0 0 0 0 0 0 0 0 0 0 0 0 0 0 0 0 0 0 0]
 [0 0 0 1 0 0 0 0 0 0 0 0 0 0 0 0 0 0 0 0 0 0 0 0 0]
 [0 0 0 0 0 0 0 0 0 0 0 0 0 0 0 0 0 0 0 0 0 0 0 0 0]
 [0 0 0 0 1 0 1 0 0 0 0 0 0 0 0 0 0 0 0 0 0 0 0 0 0]
 [0 0 0 0 0 0 0 0 0 0 0 0 0 0 0 0 0 0 0 0 0 0 0 0 0]
 [0 0 0 0 0 1 0 0 0 0 0 0 0 0 0 0 0 0 0 0 0 0 0 0 0]
 [0 0 0 0 0 0 0 0 0 1 0 0 0 0 0 0 0 0 0 0 0 0 0 0 0]
 [0 0 0 0 0 0 0 0 0 0 0 0 0 0 0 0 0 0 0 0 0 0 0 0 0]
 [0 0 0 0 0 0 0 0 0 1 0 0 0 0 0 0 0 0 0 0 0 0 0 0 0]
 [0 0 0 0 0 0 0 0 0 0 0 0 0 0 0 0 0 0 0 0 0 0 0 0 0]
 [0 0 0 0 0 0 0 0 0 0 0 0 0 0 0 0 0 0 0 0 0 0 0 0 0]
 [0 0 0 0 0 0 0 0 0 0 0 1 0 0 0 0 0 0 0 0 0 0 0 0 0]
 [0 0 0 0 0 0 0 0 0 0 0 0 0 0 0 0 0 0 0 0 0 0 0 0 0]
 [0 0 0 0 0 0 0 0 0 0 2 0 0 0 0 0 0 0 0 0 0 0 0 0 0]
 [0 0 0 0 0 0 0 0 0 0 0 0 0 0 0 0 0 0 0 0 0 0 0 0 0]
 [0 0 0 0 0 0 0 0 0 0 0 0 0 0 0 0 0 0 0 0 0 0 0 0 0]
 [0 0 0 0 0 0 0 0 0 0 0 0 1 0 0 0 0 0 0 0 0 0 0 0 0]
 [0 0 0 0 0 0 0 0 0 0 0 0 1 0 1 0 0 0 0 0 0 0 0 0 0]
 [0 0 0 0 0 0 0 0 0 0 0 0 0 0 0 0 0 0 0 0 0 0 0 0 0]
 [0 0 0 0 0 0 0 0 0 0 0 0 0 0 1 0 0 0 0 0 0 0 0 0 0]
 [0 0 0 0 0 0 0 0 0 0 0 0 0 0 0 0 2 0 0 0 0 0 0 0 0]
 [0 0 0 0 0 0 0 0 0 0 0 0 0 0 0 0 0 1 0 0 0 0 0 0 0]
 [0 0 0 0 0 0 0 0 0 0 0 0 0 0 0 0 0 0 0 0 2 0 0 0 0]]
Calculation times:
[2673.6950719356537]
